64

111 infimus 3113131331.
1} 1311111333
11130119, 375, 1.
2) insum· Marxius, (in)fi1m·HPBH,i11fim· 331. codd.
IV 293, 18, 301, 15.

V unximus.

0006. semper „i“: ’

1193, 6, 191, 7, ΙΙ 209, 5, 22213, 228, 21, 239,
25, 232, 19; 233, l; 243, 7, 251, 3, 111262, 15,
266, 9; 269, 16; 2131311. 12. 16. 16. 22; 211,
1. 2. 3, 275, 9, 281, 8, 286, 14. 19; 267, 4,
1v 269, 13, 293, 13. 16 (bis). 13, 294,11; 291,
3. 3, 299, 11; 600, 19; 304, 26; 616, 16; 622,16;
629, 21, 344, 3, 13343, 13, 341, 3, 319, 9, 333,
13. 12, 333, 13, 339, 1. 14 (313), 333, 9, 669, 10.
16, 316, 2.

111 1111313193.
Libri semper ,i“:
11262,16; 217, 20, 281, 22, 266,12; 1131314.

101 optimus 31 optumus
l) 0000. ,i“:
lI 246, 8, 111 263, 13, 11 289, 15, 299, 21, 31118,
32911, 312, 11, 3191, 362, 5.
2) Codd. ,1ιῆ
optumas PBCII 11· 311, 11.
optumis PBH lv 666, 16.

11111 possumus.

pessumas 6²66, pars summas 116¹, ,31311111133311 1123312.

 

